[simple movement]
body=sin(t)
r=0.000000
g=0.000000
b=1.000000
thickness=1.000000
isFunctional=1
isVisible=1