[infinite circles]
body=isEqualApprox(sin(pow(x,2.0)+pow(y,2.0)),0.0,ps*10.0)
r=0.000000
g=0.000000
b=1.000000
thickness=1.000000
isFunctional=0
isVisible=1