[circle]
body=isEqualApprox(pow(x,2.0)+pow(y,2.0),9.0,ps*6.0)
r=0.000000
g=0.000000
b=0.996078
thickness=1.000000
isFunctional=0
isVisible=1