[stars]
body=isEqualApprox(cos(x),cos(y),ps)
r=0.000000
g=0.000000
b=1.000000
thickness=1.000000
isFunctional=0
isVisible=1